{
  "class_names": [
    "App推广",
    "Bd经理",
    "C/C++",
    "Java",
    "产品专员/助理",
    "储备干部",
    "储备经理人",
    "内容审核",
    "前端开发",
    "咨询顾问",
    "售后客服",
    "商务专员",
    "培训师",
    "大客户代表",
    "实施工程师",
    "广告销售",
    "律师",
    "律师助理",
    "总助/Ceo助理/董事长助理",
    "技术支持工程师",
    "招聘专员/助理",
    "日语翻译",
    "档案管理",
    "法务专员/助理",
    "测试工程师",
    "游戏推广",
    "游戏运营",
    "猎头顾问",
    "电话客服",
    "电话销售",
    "知识产权/专利代理",
    "硬件测试",
    "社区运营",
    "科研人员",
    "管培生/储备干部",
    "统计员",
    "网络客服",
    "网络销售",
    "英语翻译",
    "质检员",
    "质量管理/测试",
    "资料管理",
    "软件测试",
    "运营助理/专员",
    "销售助理",
    "销售工程师",
    "销售运营",
    "项目专员/助理",
    "项目招投标",
    "项目经理/主管",
    "风电工程师"
  ],
  "affinity_matrix": [
    [
      0.9867519736289978,
      0.009664940647780895,
      5.583528883690292e-08,
      9.396089595270496e-07,
      1.8002422308427413e-07,
      2.0219735915816273e-05,
      2.1385902243764576e-05,
      8.923395398596767e-05,
      1.5318724280177776e-06,
      1.609943174329942e-06,
      0.00011322690625092946,
      9.131842307397164e-05,
      3.218179216446515e-07,
      1.2768172268806666e-05,
      7.1710691145199235e-06,
      0.0005202437459956855,
      2.1951730433400485e-09,
      9.589529170739297e-08,
      6.1255898344825255e-06,
      2.029168854278396e-06,
      2.401238043603371e-05,
      1.889546323852187e-07,
      4.864431616624643e-06,
      9.91479794265615e-07,
      3.851148306921459e-07,
      0.00029153827199479565,
      0.00024030004897213075,
      3.2652187087478524e-06,
      0.00016110266369651072,
      0.0008469436434097588,
      2.007386626701191e-06,
      3.7425218124553794e-07,
      7.961159826663788e-05,
      2.383021332347246e-10,
      3.6423616442959883e-06,
      5.563051854551304e-05,
      0.0002946474705822766,
      0.001513066323241219,
      1.4225722111405048e-06,
      5.594725886737262e-08,
      4.772625243898432e-07,
      6.613233338725877e-07,
      1.0160684240645423e-06,
      0.0002187773716286756,
      7.46339610486757e-05,
      1.060847765188555e-08,
      5.150401375431102e-05,
      2.6294078736555093e-07,
      1.6179293282903018e-07,
      3.053691477461484e-08,
      2.211400573770561e-08
    ],
    [
      0.009664940647780895,
      0.8959546089172363,
      7.195623402367346e-05,
      0.001059766809703433,
      0.001575237954966724,
      0.003090476675424725,
      0.004007669980637729,
      0.0007101459341356531,
      0.0017381230609316844,
      0.000349497665411036,
      0.004511469938734081,
      0.018530949018895626,
      0.00011087258644693065,
      0.01708421064540744,
      0.00045688571844948456,
      0.005506144254468381,
      6.196355499810124e-07,
      6.273868393691373e-07,
      0.002118489777785726,
      0.0019374067487660795,
      0.0003212869087292347,
      0.001809947130823275,
      0.0004477306501939893,
      0.0008178372227121145,
      0.0001635783992242068,
      3.6432952583709266e-05,
      0.0017360378114972264,
      0.0017163259180961177,
      0.0004280113716959022,
      0.010384960332885385,
      0.00048202730249613523,
      4.0079876271192916e-05,
      0.00010307938282494433,
      3.71275314137165e-05,
      0.0027580237365327775,
      0.00028382602522469824,
      0.00020429617870831862,
      0.007400303380563855,
      0.001114870043238625,
      3.715691553907163e-05,
      9.836214667302556e-05,
      0.00030446989148913417,
      0.00010505578575248364,
      0.005164995789527893,
      0.003623930853791535,
      0.007605118444189429,
      0.0019334869575686753,
      0.0020747073212987743,
      0.0035180195336579345,
      0.002726159800658934,
      3.1865887990534247e-06
    ],
    [
      5.583528883690292e-08,
      7.195623402367346e-05,
      0.8107748627662659,
      0.08974194061011076,
      0.001546282204799354,
      6.807966929045506e-05,
      6.23882142747334e-06,
      5.232432386037544e-06,
      0.007885369937866926,
      5.892609409308136e-07,
      1.6911296825128375e-06,
      0.00011743056529667228,
      0.0022144158501760103,
      0.0005568434717133641,
      0.004861411638557911,
      0.00012631466861989793,
      1.7360484274100974e-10,
      3.227626152457752e-10,
      1.4214380854582487e-06,
      0.004992116009816527,
      5.419600614686715e-05,
      0.0012111968608223833,
      1.1038755474146456e-05,
      1.3173772913432913e-05,
      0.004027892602607608,
      8.472267961678881e-05,
      5.077246896689758e-05,
      2.4580132276241784e-06,
      1.2543320281110937e-05,
      9.501501176600868e-05,
      3.918761831300799e-05,
      0.0017318545142188668,
      1.8964494863382697e-08,
      0.001863233366748318,
      2.508663328626426e-05,
      5.64419602255839e-06,
      8.402061730805599e-07,
      2.5131211941697984e-05,
      4.840885412704665e-05,
      3.398664830456255e-06,
      0.0008285981457447633,
      8.602431421422807e-06,
      0.006186496699228883,
      8.74947486408928e-05,
      4.2488090297609915e-05,
      0.0009085641358979046,
      2.8081711320737668e-06,
      8.428249384451192e-05,
      8.635536514134401e-05,
      0.0012703108950518072,
      0.0003958000606871792
    ],
    [
      9.396089595270496e-07,
      0.001059766809703433,
      0.08974194061011076,
      0.9435951709747314,
      0.00022319197705655824,
      5.583006714005023e-05,
      1.674648267169232e-06,
      0.00014995867968536913,
      0.01280213799327612,
      1.4608489436795935e-05,
      6.359480312312371e-05,
      0.003227826899092179,
      5.6663605846551945e-05,
      0.0030476635165541666,
      0.003793846582993865,
      0.0005742385801568162,
      1.0201074318594294e-08,
      6.502748561842964e-08,
      0.00014664347736470518,
      0.0015491015801671892,
      0.0014504047776426887,
      0.0007623092678841203,
      0.00026341323791712057,
      0.0001345007858617464,
      0.0015551269170828164,
      3.5356806620256975e-05,
      0.0008440806941507617,
      5.216868021307164e-05,
      0.0010762860447357525,
      0.0003386757180123823,
      0.0006005416744301328,
      0.00039050998020684347,
      2.0322541161021945e-07,
      0.000852777564432472,
      3.1493760161538376e-05,
      1.4524185417030822e-05,
      8.916667320590932e-05,
      0.00010867723176488653,
      0.00034376230178168043,
      6.321723205360286e-06,
      0.00027550391610020597,
      0.0001822699068725342,
      0.011183894239366055,
      0.0011919355329155223,
      2.881577242419553e-05,
      7.348043800448067e-05,
      0.000143474730066373,
      0.0011198565043741837,
      3.6755626069862046e-05,
      0.00047399121103808284,
      0.00029357962375797797
    ],
    [
      1.8002422308427413e-07,
      0.001575237954966724,
      0.001546282204799354,
      0.00022319197705655824,
      0.8299554586410522,
      0.0007303217207663693,
      0.009294656680140179,
      3.769828708755085e-05,
      0.0018844558217097074,
      0.0016718257256798097,
      5.0598440338944783e-05,
      0.006877308856928721,
      0.0017599378479644656,
      0.0002591194279375486,
      0.005838183082232717,
      0.00041242613224312663,
      2.578856616805309e-09,
      9.014048701905253e-09,
      0.0010594593622954562,
      0.0248531385732349,
      0.0003790799128182698,
      0.00043614978494588286,
      0.00028888843394270225,
      0.00027555779524846,
      0.0005730947013944387,
      3.1590779272505642e-06,
      0.002491290040779859,
      1.427816584964603e-05,
      1.1401617030060152e-05,
      2.9333218662941363e-05,
      0.0010956617354622722,
      0.0006139873084975989,
      2.58021987065149e-06,
      0.001659620238115167,
      0.0031056884909048676,
      0.0015323106781579554,
      2.508974193915492e-05,
      0.00015040530524856877,
      0.0005551654148803209,
      0.0002159945702260302,
      0.0051596847479231656,
      0.0004061754771100823,
      0.0003587794417398982,
      0.0028889054665341973,
      0.001465456109144725,
      0.0013702809519600123,
      0.012162702390924096,
      0.01181299751624465,
      1.3171342288842425e-05,
      0.000945899257203564,
      5.389976649894379e-06
    ],
    [
      2.0219735915816273e-05,
      0.003090476675424725,
      6.807966929045506e-05,
      5.583006714005023e-05,
      0.0007303217207663693,
      0.804417073726654,
      0.1384788155555725,
      0.00028264107822906226,
      4.050354550599877e-05,
      0.014502157573588192,
      0.0043751533376052976,
      0.002328100716113113,
      0.0006056167403585277,
      0.0059574320912361145,
      0.0016709924675524235,
      0.003570006214431487,
      0.0002502197024227826,
      6.471404412877746e-05,
      0.006396646378561854,
      0.0010316715051885694,
      0.0011773788137361407,
      5.3137874488129455e-05,
      0.001149423187598586,
      0.0041489129507681355,
      0.0016499788835062645,
      1.0306018012329332e-06,
      0.0012745938875013962,
      0.0067579010501503944,
      0.005005189683288336,
      0.002024717687163502,
      0.0003625926547101699,
      0.0019082117796642706,
      0.0036499471898423508,
      0.00047708475904073566,
      0.020328379701822996,
      0.0020526318985503167,
      2.0897988179058302e-05,
      0.016740718390792608,
      2.1038210434198845e-05,
      0.00017910683527588844,
      0.00229227589443326,
      0.0008805513789411634,
      0.00019816268468275666,
      0.005369576392695308,
      0.0015014004602562636,
      0.003979816567152739,
      0.004687098291469738,
      0.0045020717807346955,
      8.117000879792613e-05,
      0.003992468322394416,
      4.351511233835481e-05
    ],
    [
      2.1385902243764576e-05,
      0.004007669980637729,
      6.23882142747334e-06,
      1.674648267169232e-06,
      0.009294656680140179,
      0.1384788155555725,
      0.7129316926002502,
      6.15367080172291e-05,
      1.5891697549008654e-06,
      0.00693315383978188,
      0.0048527930630370975,
      0.001205494423629716,
      0.003832004382275045,
      0.00706646335311234,
      0.002559474014560692,
      0.0010039267071988434,
      3.558475873077782e-06,
      4.189799142295669e-06,
      0.0015338896191678941,
      0.003992666301201098,
      0.00036373480543261394,
      3.573947060431237e-05,
      0.0008699667523615062,
      0.0007801254687365144,
      0.00011332750636938727,
      2.0980812864834775e-07,
      0.000301389183732681,
      0.001263697980903089,
      0.0016804651240818202,
      0.002118761229212396,
      6.648690032307059e-05,
      0.0031519424583166256,
      0.009360901138279587,
      0.00030146193319069425,
      0.03385514207184315,
      0.0006177035866130609,
      1.5223549326037755e-05,
      0.010246731922961771,
      2.23887752781593e-06,
      0.0004148950392846018,
      0.005932546919211745,
      0.0006583721697097644,
      7.126780838007107e-05,
      0.006249795027542859,
      0.002555111132096499,
      0.0003947994264308363,
      0.0021417977404780686,
      0.0005424818082246929,
      3.5100059903925285e-05,
      0.0006924760891706683,
      3.125799139525043e-05
    ],
    [
      8.923395398596767e-05,
      0.0007101459341356531,
      5.232432386037544e-06,
      0.00014995867968536913,
      3.769828708755085e-05,
      0.00028264107822906226,
      6.15367080172291e-05,
      0.9623141288757324,
      0.002727701470575994,
      3.845021863924103e-05,
      0.005709729623049498,
      0.0008194362453650683,
      3.5472945683068247e-06,
      3.3186796827067155e-05,
      7.697874389123172e-05,
      7.044122867227998e-05,
      3.790598471553608e-06,
      8.616936588623503e-05,
      6.556431435456034e-05,
      0.00013694048357137945,
      0.006832858547568321,
      1.126948518503923e-05,
      0.011344808153808117,
      0.00040186506521422416,
      0.0004653125324693974,
      5.287330350256525e-05,
      0.0012619552617252339,
      0.00022454521240433678,
      0.0007168471056502312,
      0.0009065291451406665,
      4.611567010215367e-05,
      4.565209474094445e-05,
      0.0002613478063722141,
      2.0839317357967957e-05,
      2.709658610910992e-05,
      0.0018048326019197702,
      0.008227248676121235,
      0.004273297789040953,
      0.0036641568312916206,
      0.004682705068262294,
      0.00020120414410484955,
      0.006028544332366437,
      0.0011064150312449783,
      0.004234941327013075,
      9.423006122233346e-05,
      7.601339291340992e-08,
      0.0045506529859267175,
      0.00022703288777847774,
      0.00010025092524301726,
      2.78467718999309e-05,
      1.5814970559802077e-06
    ],
    [
      1.5318724280177776e-06,
      0.0017381230609316844,
      0.007885369937866926,
      0.01280213799327612,
      0.0018844558217097074,
      4.050354550599877e-05,
      1.5891697549008654e-06,
      0.002727701470575994,
      0.9599637389183044,
      0.00013778756277815774,
      1.0947460793886421e-05,
      0.0008708167115401011,
      0.00033836442639767483,
      0.0002746565717188787,
      0.0026871783775277436,
      0.0033302384431408427,
      2.771998275363785e-08,
      9.650212149381332e-07,
      0.00014219370109458396,
      0.0030839196988381445,
      0.002023347542490228,
      0.00019624008928076364,
      0.00017833409145850965,
      0.0016086858243511415,
      0.0002647671281010844,
      5.399270912676002e-05,
      0.0037557512769126333,
      7.34724471840309e-05,
      0.0001198468357870297,
      4.6841920038787066e-05,
      6.807606041547842e-05,
      0.000939016834308859,
      3.797562797558385e-07,
      0.00051897979574278,
      1.233144317325241e-05,
      0.00010331177398370528,
      2.596448757685721e-05,
      0.0022932036217753193,
      5.808911919302773e-05,
      7.1155380254595e-07,
      0.004835248546967819,
      0.002104354636685457,
      0.002802287694066763,
      0.0036713542067445815,
      9.701402248651902e-05,
      9.897094770394688e-07,
      0.0033763240789994597,
      0.0037531391717493534,
      0.004673135429584363,
      0.0006462769233621657,
      0.0014973250617913436
    ],
    [
      1.609943174329942e-06,
      0.000349497665411036,
      5.892609409308136e-07,
      1.4608489436795935e-05,
      0.0016718257256798097,
      0.014502157573588192,
      0.00693315383978188,
      3.845021863924103e-05,
      0.00013778756277815774,
      0.7660444378852844,
      8.752686426305445e-05,
      0.0018106868956238031,
      0.008412051480263472,
      0.000881221130839549,
      0.00023650986076972913,
      0.0042402455292176455,
      0.0003860601791529916,
      0.0002459565075696446,
      0.0012217856128700078,
      0.0005668420890287962,
      0.005833892530063167,
      0.00019023096683667973,
      0.00020066638535354286,
      0.0013844291679561138,
      0.00029874963701104207,
      8.921121175120561e-07,
      4.583085683407262e-05,
      0.07861546613276005,
      0.007221167208626866,
      0.010010224068537354,
      0.002656275319168344,
      3.771495945059655e-05,
      0.005577652580541326,
      0.0003886022768710973,
      0.001781140745151788,
      0.00012055612933181692,
      0.00020200157450744882,
      0.006006949581205845,
      0.0022657391091343015,
      5.711390448914777e-07,
      7.290597932296805e-05,
      0.0004011645032733213,
      0.0002332654357815045,
      0.0003262592654209584,
      0.0009607370629964862,
      3.197681417077547e-05,
      0.002223235060228035,
      0.007858082884922624,
      0.005954981061222497,
      0.0018318790826015174,
      6.6140397620984e-06
    ],
    [
      0.00011322690625092946,
      0.004511469938734081,
      1.6911296825128375e-06,
      6.359480312312371e-05,
      5.0598440338944783e-05,
      0.0043751533376052976,
      0.0048527930630370975,
      0.005709729623049498,
      1.0947460793886421e-05,
      8.752686426305445e-05,
      0.8787331581115723,
      0.0011462664224382024,
      6.577562635357026e-05,
      0.004034845973365009,
      0.001377403677906841,
      0.00040631376032251865,
      8.788135275050735e-09,
      4.0015828233208595e-06,
      0.002249831819881365,
      0.008909037569537759,
      0.00037107108073541895,
      0.0001230224788741907,
      0.002410854765912518,
      0.0011393647655495442,
      0.00015458946347735036,
      7.391903272946365e-05,
      0.0012163792343926616,
      0.001226977226906456,
      0.016656824853271246,
      0.006388987181708217,
      2.3082277039065957e-05,
      0.0009727764700073749,
      0.008030740078538656,
      1.4084496342547936e-06,
      0.0001672779762884602,
      0.0030439516485785134,
      0.032954695634543896,
      0.0018711579614318907,
      3.283704154455336e-05,
      0.0005897475930396467,
      0.00046969472896307707,
      0.003195011155185057,
      0.0007553205832664389,
      0.0014241531462175772,
      0.0009962171752704307,
      0.00015792070917086676,
      0.006585527793504298,
      0.00016111919467221014,
      1.2650876215047901e-05,
      5.608403625956271e-07,
      0.0002906438439822523
    ],
    [
      9.131842307397164e-05,
      0.018530949018895626,
      0.00011743056529667228,
      0.003227826899092179,
      0.006877308856928721,
      0.002328100716113113,
      0.001205494423629716,
      0.0008194362453650683,
      0.0008708167115401011,
      0.0018106868956238031,
      0.0011462664224382024,
      0.7340894937515259,
      0.00010878322791540995,
      0.013517703860998154,
      0.0036663567880168557,
      0.15553425624966621,
      9.19743570193532e-06,
      0.00042483646211621817,
      0.002973052905872464,
      0.011761297297198325,
      0.00039961206493899226,
      0.00034331671486143023,
      0.0008705123909749091,
      0.0018915932159870863,
      0.0006832598155597225,
      0.00023891883756732568,
      0.005509163049282506,
      0.00311981892446056,
      0.0020751923439092934,
      0.007387502584606409,
      0.006509617669507861,
      0.00021563233894994482,
      1.778328532964224e-05,
      0.0005825272128276993,
      0.0007063170778565109,
      0.00543775426922366,
      0.0005286088926368393,
      0.011200719978660345,
      0.002341757412068546,
      0.00010388514431269869,
      0.0002966100873891264,
      0.002684899198357016,
      0.0006706825643050252,
      0.003727808245457709,
      0.028267251327633858,
      0.0014835236361250281,
      0.004779600014444441,
      0.004550089128315449,
      0.026438369415700436,
      0.006004345385008492,
      2.1430367951325024e-06
    ],
    [
      3.218179216446515e-07,
      0.00011087258644693065,
      0.0022144158501760103,
      5.6663605846551945e-05,
      0.0017599378479644656,
      0.0006056167403585277,
      0.003832004382275045,
      3.5472945683068247e-06,
      0.00033836442639767483,
      0.008412051480263472,
      6.577562635357026e-05,
      0.00010878322791540995,
      0.9455715417861938,
      0.0001387619813613128,
      0.0008425568230450153,
      0.00012808130850316957,
      1.0873717997128551e-06,
      2.955318876729507e-06,
      0.003433597390539944,
      0.004010311589809135,
      0.0017710014180920552,
      2.5283439754275605e-05,
      7.0723380076742615e-06,
      0.00029830004496034235,
      0.003006674878179183,
      8.251476401710534e-06,
      0.0003455130117799854,
      0.00018730471492744982,
      0.0029815340967616066,
      0.005762180138844997,
      0.0022006321223670966,
      6.665791136128973e-05,
      1.496140134804591e-05,
      0.0009005740284919739,
      0.004132145375479013,
      0.0006509661325253546,
      6.941222454770468e-05,
      0.0009244405082426965,
      8.194428482966032e-05,
      4.798064537681057e-06,
      4.9692645006871317e-05,
      6.109514691843287e-05,
      0.000589574221521616,
      0.000852464116178453,
      0.00013200823241277249,
      0.0007509392271458637,
      0.004521563296293607,
      0.00018610202823765576,
      2.5866050350487058e-06,
      0.0001475295575801283,
      0.000197708148334641
    ],
    [
      1.2768172268806666e-05,
      0.01708421064540744,
      0.0005568434717133641,
      0.0030476635165541666,
      0.0002591194279375486,
      0.0059574320912361145,
      0.00706646335311234,
      3.3186796827067155e-05,
      0.0002746565717188787,
      0.000881221130839549,
      0.004034845973365009,
      0.013517703860998154,
      0.0001387619813613128,
      0.8502137660980225,
      0.005145031667780131,
      0.0051152086816728115,
      2.4978415666510045e-05,
      1.638229377931566e-06,
      0.00020755357400048524,
      0.005447775271022692,
      1.3731570220443245e-05,
      0.004812354076420888,
      0.000400972792704124,
      0.00017206429765792564,
      0.0006935663695912808,
      9.94296487988322e-06,
      0.004935056102112867,
      0.0027899354754481465,
      0.006517766742035747,
      0.012503691017627716,
      0.0015285965637303889,
      2.7400031285651494e-05,
      9.646462785894983e-06,
      0.00011887760229001287,
      0.0059940312639810145,
      8.899704607756576e-05,
      3.042768184968736e-05,
      0.009981961222365499,
      0.00041688171040732414,
      3.832768129541364e-06,
      0.0021171753178350627,
      3.509450198180275e-05,
      0.0001629840917303227,
      0.000989592750556767,
      0.0022696367232128978,
      0.0374006163328886,
      0.004669165704399347,
      0.0013970083382446319,
      8.005733434401918e-05,
      0.004203216638416052,
      5.896802304050652e-05
    ],
    [
      7.1710691145199235e-06,
      0.00045688571844948456,
      0.004861411638557911,
      0.003793846582993865,
      0.005838183082232717,
      0.0016709924675524235,
      0.002559474014560692,
      7.697874389123172e-05,
      0.0026871783775277436,
      0.00023650986076972913,
      0.001377403677906841,
      0.0036663567880168557,
      0.0008425568230450153,
      0.005145031667780131,
      0.789252519607544,
      0.001157070859335363,
      1.3764566653349229e-07,
      4.254482651067093e-05,
      0.0004916086727462243,
      0.16117765754461288,
      0.002072148526167439,
      0.0006884791509946808,
      0.000770831415138673,
      0.0002848208896466531,
      0.0036591331008821726,
      5.309639735884275e-06,
      0.0020917746078339405,
      0.00024446705720038153,
      0.0025100743005168624,
      0.0006249371217563748,
      0.0007815421413397416,
      0.005137896165251732,
      3.110461875621695e-05,
      0.002238315239083022,
      0.004461339121917263,
      0.0006209851235325914,
      0.0030588251538574696,
      0.0001956946580321528,
      0.0006371174677042291,
      6.201659016369376e-05,
      0.0030638792813988402,
      0.00022040092153474689,
      0.0028489238466136158,
      0.006413799688743893,
      0.0007823439955245703,
      0.00682439748197794,
      0.0021253265731502324,
      0.013780918554402888,
      0.0032138694296008907,
      0.007474127924069762,
      0.0038573973870370537
    ],
    [
      0.0005202437459956855,
      0.005506144254468381,
      0.00012631466861989793,
      0.0005742385801568162,
      0.00041242613224312663,
      0.003570006214431487,
      0.0010039267071988434,
      7.044122867227998e-05,
      0.0033302384431408427,
      0.0042402455292176455,
      0.00040631376032251865,
      0.15553425624966621,
      0.00012808130850316957,
      0.0051152086816728115,
      0.001157070859335363,
      0.6450027227401733,
      1.209499441756634e-05,
      3.6101493606111035e-05,
      0.003610369167290628,
      0.0037963408831274137,
      0.00012151230112067424,
      0.0001324420240962354,
      0.004508416663156822,
      0.0015629230765625834,
      0.000291591295535909,
      0.0005739434909628471,
      0.0010940152569673955,
      0.0005233809497440234,
      0.00021689102140953764,
      0.0035981410765089095,
      0.0037182857049629092,
      0.00018561176455023087,
      9.712438077258412e-05,
      4.976938248546503e-05,
      0.0050124172266805544,
      0.002870800031814724,
      2.3403254090226255e-05,
      0.003463645000010729,
      0.005373171879909933,
      0.000163349908376631,
      0.0023171815264504403,
      0.0009332490735687315,
      0.00010268525102219428,
      0.003286798018962145,
      0.015524792950600386,
      0.0007337087154155597,
      0.005361200775951147,
      0.003101909067481756,
      0.006332032149657607,
      0.0028592551971087232,
      7.160870268307917e-05
    ],
    [
      2.1951730433400485e-09,
      6.196355499810124e-07,
      1.7360484274100974e-10,
      1.0201074318594294e-08,
      2.578856616805309e-09,
      0.0002502197024227826,
      3.558475873077782e-06,
      3.790598471553608e-06,
      2.771998275363785e-08,
      0.0003860601791529916,
      8.788135275050735e-09,
      9.19743570193532e-06,
      1.0873717997128551e-06,
      2.4978415666510045e-05,
      1.3764566653349229e-07,
      1.209499441756634e-05,
      0.9550219178199768,
      0.029803787358105183,
      8.100349805317819e-05,
      4.4095103957086934e-10,
      2.551268494244141e-07,
      1.8461989159668235e-09,
      2.747582414031058e-06,
      0.005033768116845749,
      4.687477003773033e-10,
      5.885402698524445e-07,
      1.0925385041105073e-07,
      0.0034758541150949895,
      4.901027864434582e-06,
      0.003702670504026173,
      0.0010934125530184247,
      2.657279922985546e-10,
      3.949102023170781e-08,
      1.5284810288562767e-06,
      8.057493819380035e-08,
      0.0003862169287458528,
      8.730555584035571e-10,
      0.00012102302935090847,
      1.4890468449380023e-06,
      4.864061549370025e-10,
      8.566180085267661e-07,
      3.957073957394641e-07,
      1.7043815803141626e-09,
      1.8655218894991776e-05,
      5.718059303827516e-09,
      3.0398691886184687e-10,
      9.057786187760541e-10,
      6.697537857647262e-09,
      1.332196816861142e-06,
      6.995896001171786e-06,
      4.587921431653541e-09
    ],
    [
      9.589529170739297e-08,
      6.273868393691373e-07,
      3.227626152457752e-10,
      6.502748561842964e-08,
      9.014048701905253e-09,
      6.471404412877746e-05,
      4.189799142295669e-06,
      8.616936588623503e-05,
      9.650212149381332e-07,
      0.0002459565075696446,
      4.0015828233208595e-06,
      0.00042483646211621817,
      2.955318876729507e-06,
      1.638229377931566e-06,
      4.254482651067093e-05,
      3.6101493606111035e-05,
      0.029803787358105183,
      0.9345667958259583,
      0.00021349431153794285,
      1.0119968862909445e-07,
      0.00025729186927492265,
      6.308314144831684e-06,
      9.253433199774008e-05,
      0.027517322450876236,
      1.9001970275045466e-09,
      2.011266033719039e-07,
      2.2096821794548305e-06,
      0.001261245648493059,
      0.001001218770397827,
      0.0010611966297346953,
      0.00032100873067975044,
      2.8257449678770197e-10,
      7.034058000954246e-06,
      2.7205946935282554e-06,
      1.2658273895738148e-07,
      0.002646107750479132,
      9.30552073441504e-06,
      7.856993670429802e-05,
      4.640558381652227e-05,
      1.1988921799765961e-08,
      4.1091358980338555e-05,
      0.000567047914955765,
      1.3164137868670878e-06,
      0.00015314635311369784,
      1.6410257330790046e-06,
      9.749601251113002e-11,
      3.1529689863418753e-06,
      8.313300895679276e-06,
      1.7131019376392942e-05,
      1.9509772741344023e-05,
      4.0870760942279816e-10
    ],
    [
      6.1255898344825255e-06,
      0.002118489777785726,
      1.4214380854582487e-06,
      0.00014664347736470518,
      0.0010594593622954562,
      0.006396646378561854,
      0.0015338896191678941,
      6.556431435456034e-05,
      0.00014219370109458396,
      0.0012217856128700078,
      0.002249831819881365,
      0.002973052905872464,
      0.003433597390539944,
      0.00020755357400048524,
      0.0004916086727462243,
      0.003610369167290628,
      8.100349805317819e-05,
      0.00021349431153794285,
      0.9072847366333008,
      0.00044248655103729106,
      5.1158236601622775e-05,
      0.00011998109039268456,
      0.0018116812825610396,
      0.0010312989470548928,
      0.0004486850939429132,
      5.4505312618857715e-06,
      0.001987210300285369,
      0.0007520631079387385,
      0.0017473333864472806,
      0.0005571791261900216,
      0.00024305407714564353,
      0.00011795530582503488,
      2.4160191969713196e-05,
      0.003673878774861805,
      0.001471758063416928,
      0.015009358059614897,
      0.00019384984898351831,
      0.0019371065609448124,
      0.0004652024508686736,
      8.480777879071866e-05,
      0.004096950608072802,
      0.0002064964355668053,
      9.794019717901392e-06,
      0.006232445768546313,
      0.005571817542659119,
      2.267093759655836e-05,
      0.0018509051587898284,
      0.0003208103735232726,
      4.360921002444229e-05,
      0.0010848708334378898,
      0.00035302609467180446
    ],
    [
      2.029168854278396e-06,
      0.0019374067487660795,
      0.004992116009816527,
      0.0015491015801671892,
      0.0248531385732349,
      0.0010316715051885694,
      0.003992666301201098,
      0.00013694048357137945,
      0.0030839196988381445,
      0.0005668420890287962,
      0.008909037569537759,
      0.011761297297198325,
      0.004010311589809135,
      0.005447775271022692,
      0.16117765754461288,
      0.0037963408831274137,
      4.4095103957086934e-10,
      1.0119968862909445e-07,
      0.00044248655103729106,
      0.7812798023223877,
      0.00015888082180026686,
      0.0012948049261467531,
      0.007443955517373979,
      0.00040577422123533324,
      0.0043605397222563624,
      5.868032985745231e-06,
      0.00458179668567027,
      0.00021000909327995032,
      0.002257194137200713,
      0.003954882165999152,
      0.003509837595629506,
      0.014203690458089113,
      6.276941206806441e-06,
      0.005734821781516075,
      0.00376368488650769,
      0.0028406334240571596,
      0.0045043710961181205,
      0.00037329088809201494,
      0.0010243728465866297,
      0.000972879832261242,
      0.005938019399764016,
      0.0041507230926072225,
      0.0019756064284592867,
      0.0016111294862639625,
      0.0019338894708198495,
      0.01813869085162878,
      0.004570656281430274,
      0.01834294735454023,
      0.003659741829324048,
      0.006192927248775959,
      0.006066414760425687
    ],
    [
      2.401238043603371e-05,
      0.0003212869087292347,
      5.419600614686715e-05,
      0.0014504047776426887,
      0.0003790799128182698,
      0.0011773788137361407,
      0.00036373480543261394,
      0.006832858547568321,
      0.002023347542490228,
      0.005833892530063167,
      0.00037107108073541895,
      0.00039961206493899226,
      0.0017710014180920552,
      1.3731570220443245e-05,
      0.002072148526167439,
      0.00012151230112067424,
      2.551268494244141e-07,
      0.00025729186927492265,
      5.1158236601622775e-05,
      0.00015888082180026686,
      0.8965474367141724,
      4.390295259781851e-05,
      0.0013043753569945693,
      0.0001390442266711034,
      0.00013254642271931516,
      1.7781640508474084e-05,
      0.0025394411059096456,
      0.015895203687250614,
      0.0030734498286619782,
      0.00032876222394406796,
      3.360819528097636e-05,
      5.049722494732123e-05,
      1.3030840023020573e-05,
      0.0007436257292283699,
      0.00024782900436548516,
      0.015557675156742334,
      0.0010468614345882088,
      0.0015762239636387676,
      0.0003544624923961237,
      0.00011151138096465729,
      0.0023303046691580676,
      0.000953035312704742,
      0.0006624786765314639,
      0.007996986154466867,
      0.00047042973164934665,
      2.0883881859390385e-06,
      0.001879293646197766,
      0.0003095075153396465,
      7.696500233578263e-05,
      5.343403529423085e-06,
      6.115157304975583e-07
    ],
    [
      1.889546323852187e-07,
      0.001809947130823275,
      0.0012111968608223833,
      0.0007623092678841203,
      0.00043614978494588286,
      5.3137874488129455e-05,
      3.573947060431237e-05,
      1.126948518503923e-05,
      0.00019624008928076364,
      0.00019023096683667973,
      0.0001230224788741907,
      0.00034331671486143023,
      2.5283439754275605e-05,
      0.004812354076420888,
      0.0006884791509946808,
      0.0001324420240962354,
      1.8461989159668235e-09,
      6.308314144831684e-06,
      0.00011998109039268456,
      0.0012948049261467531,
      4.390295259781851e-05,
      0.9502037167549133,
      0.0004358342703199014,
      1.3529113061849785e-05,
      8.506431413479731e-05,
      5.495597008575714e-07,
      0.00015608807893841004,
      0.002729026095039444,
      0.00201481934345793,
      0.0003112463136858423,
      0.0005506920206244104,
      0.00030237698229029775,
      5.974895778138034e-08,
      1.0738855053205043e-05,
      0.0005606829654425383,
      0.0006332298567031103,
      0.0030262250220403075,
      5.9262571085128e-05,
      0.007697716122493148,
      3.7140750919206766e-07,
      8.894143502402585e-05,
      2.5563010694895638e-05,
      0.0001876028018159559,
      0.00032554853532928973,
      0.002452412954880856,
      0.005338500253856182,
      0.0026168072945438325,
      0.0016311552608385682,
      0.0006590710811451572,
      0.0004679689882323146,
      1.0364946518848228e-06
    ],
    [
      4.864431616624643e-06,
      0.0004477306501939893,
      1.1038755474146456e-05,
      0.00026341323791712057,
      0.00028888843394270225,
      0.001149423187598586,
      0.0008699667523615062,
      0.011344808153808117,
      0.00017833409145850965,
      0.00020066638535354286,
      0.002410854765912518,
      0.0008705123909749091,
      7.0723380076742615e-06,
      0.000400972792704124,
      0.000770831415138673,
      0.004508416663156822,
      2.747582414031058e-06,
      9.253433199774008e-05,
      0.0018116812825610396,
      0.007443955517373979,
      0.0013043753569945693,
      0.0004358342703199014,
      0.659306526184082,
      0.0003478091039141873,
      2.7040472559747286e-05,
      2.9231587149070037e-05,
      0.0031609264406142756,
      0.0006626002941629849,
      0.004998001721105538,
      0.002510000095981013,
      0.0007722371810814366,
      0.00013804060199618107,
      5.3832911362405866e-05,
      0.0004509361460804939,
      0.0004434734510141425,
      0.011113202665001154,
      0.00045213547127787024,
      0.00032509300308447564,
      0.00024727312847971916,
      0.0007456726452801377,
      0.0014038600493222475,
      0.20792141556739807,
      3.155472222715616e-05,
      0.004807465826161206,
      0.0018499532015994191,
      7.421108193739201e-06,
      0.002420841163257137,
      0.007787242764607072,
      0.0012616270978469402,
      4.24979498347966e-05,
      5.854137282312877e-05
    ],
    [
      9.91479794265615e-07,
      0.0008178372227121145,
      1.3173772913432913e-05,
      0.0001345007858617464,
      0.00027555779524846,
      0.0041489129507681355,
      0.0007801254687365144,
      0.00040186506521422416,
      0.0016086858243511415,
      0.0013844291679561138,
      0.0011393647655495442,
      0.0018915932159870863,
      0.00029830004496034235,
      0.00017206429765792564,
      0.0002848208896466531,
      0.0015629230765625834,
      0.005033768116845749,
      0.027517322450876236,
      0.0010312989470548928,
      0.00040577422123533324,
      0.0001390442266711034,
      1.3529113061849785e-05,
      0.0003478091039141873,
      0.9163630604743958,
      7.759437499998967e-05,
      6.852317113725803e-06,
      0.0006880014771013521,
      0.00033799052471295,
      0.0042239401082042605,
      0.0007100277434801683,
      0.005229425325524062,
      2.3323623963733553e-05,
      0.0006024404065101407,
      5.739386369896238e-05,
      0.0011474924303911394,
      0.003611012129113078,
      3.8491571103804745e-05,
      0.005166685616131872,
      0.002347192377783358,
      3.631696108641336e-05,
      0.0005977603577775881,
      0.0027427801906014793,
      0.002567993626826137,
      0.0036202232004143298,
      0.00031736666642245837,
      5.3607293011737056e-05,
      0.0015628044493496418,
      0.000513216138642747,
      0.0006335196048894431,
      0.0031168051646091044,
      6.3947145747533796e-06
    ],
    [
      3.851148306921459e-07,
      0.0001635783992242068,
      0.004027892602607608,
      0.0015551269170828164,
      0.0005730947013944387,
      0.0016499788835062645,
      0.00011332750636938727,
      0.0004653125324693974,
      0.0002647671281010844,
      0.00029874963701104207,
      0.00015458946347735036,
      0.0006832598155597225,
      0.003006674878179183,
      0.0006935663695912808,
      0.0036591331008821726,
      0.000291591295535909,
      4.687477003773033e-10,
      1.9001970275045466e-09,
      0.0004486850939429132,
      0.0043605397222563624,
      0.00013254642271931516,
      8.506431413479731e-05,
      2.7040472559747286e-05,
      7.759437499998967e-05,
      0.7933706641197205,
      2.0368414901383858e-06,
      0.0001202202379317896,
      9.507546110398835e-07,
      7.042799234113772e-05,
      2.296563980053179e-05,
      2.547285930631915e-05,
      0.07470712438225746,
      1.2353221819694227e-05,
      0.0023362484062090516,
      0.000924829175346531,
      0.00024336492947441002,
      3.987404340932699e-06,
      1.0446764008520404e-05,
      7.558090828752029e-06,
      0.0011214578407816589,
      0.011450694408267736,
      0.001600745057316999,
      0.08718844875693321,
      8.078072278294712e-05,
      0.0012185259256511927,
      0.0008993464580271393,
      8.526304827682907e-05,
      0.002607794685900444,
      0.00030759319588469225,
      0.0014419452345464379,
      0.002059359452687204
    ],
    [
      0.00029153827199479565,
      3.6432952583709266e-05,
      8.472267961678881e-05,
      3.5356806620256975e-05,
      3.1590779272505642e-06,
      1.0306018012329332e-06,
      2.0980812864834775e-07,
      5.287330350256525e-05,
      5.399270912676002e-05,
      8.921121175120561e-07,
      7.391903272946365e-05,
      0.00023891883756732568,
      8.251476401710534e-06,
      9.94296487988322e-06,
      5.309639735884275e-06,
      0.0005739434909628471,
      5.885402698524445e-07,
      2.011266033719039e-07,
      5.4505312618857715e-06,
      5.868032985745231e-06,
      1.7781640508474084e-05,
      5.495597008575714e-07,
      2.9231587149070037e-05,
      6.852317113725803e-06,
      2.0368414901383858e-06,
      0.9836599230766296,
      0.016639670822769403,
      5.051685775470105e-06,
      3.918908612376981e-05,
      4.733530477096792e-05,
      1.3627589851239463e-05,
      2.000558378512096e-06,
      2.0587198861221623e-06,
      3.094339651177336e-07,
      6.413636472191175e-07,
      0.00012589094353643304,
      0.009302092250436544,
      0.0013062945508863777,
      1.5007311731096706e-06,
      2.542800370264331e-08,
      3.2117572135170747e-07,
      8.468364676161855e-07,
      5.18262140758452e-06,
      2.06506238100701e-05,
      1.2105513174542892e-05,
      1.4165884021366537e-08,
      0.0002795687050820561,
      1.5607340344558907e-06,
      1.4424867345042003e-07,
      1.674358230729922e-06,
      2.890181747261522e-06
    ],
    [
      0.00024030004897213075,
      0.0017360378114972264,
      5.077246896689758e-05,
      0.0008440806941507617,
      0.002491290040779859,
      0.0012745938875013962,
      0.000301389183732681,
      0.0012619552617252339,
      0.0037557512769126333,
      4.583085683407262e-05,
      0.0012163792343926616,
      0.005509163049282506,
      0.0003455130117799854,
      0.004935056102112867,
      0.0020917746078339405,
      0.0010940152569673955,
      1.0925385041105073e-07,
      2.2096821794548305e-06,
      0.001987210300285369,
      0.00458179668567027,
      0.0025394411059096456,
      0.00015608807893841004,
